001000000000101001010000000001001000010101011
01000101010000101001001000010001000010100011
101000101010001001001010001001000100001001011
101000100001010010001000101010010000101001011
0001000000010000000100001001000100100010000011
000000100000000000001001010101010100101011
01001000100010101000100000000001001000000011
000000101000000100100010100010100010010001011
1000100010000101000100001000100010101010011
010000100100010100100000010100000010100000011
10010010100100000000000000010100001010001011
001010101001010100101000001001000100100100011
10010101010000100101001001000001001001000011
01010100001001010000001010001000100100101011
1000010101000000000000010010000100001001000011
0100000010100000001001000010100100010010000011
000101001001001000000101000001000000010100011
100000100010001010010010101001000101001010011
101001010100000001001001000100100101000011
010100101000000100100001010100100000000100011
0010100000000101000000010100010001011
1010100000000000010100101001000000010100011
100000100000100100010000101000100001000011
001000100010010010101000000000100010101001011
000010000000010100010101001001010000010011
01000010101000000010001001001010001010100011
001010100000100010100100010001000100000011
10000000000000101001010010101001000001011
0010100100100100101010101010010000001000100011
1001001010010101001001001010010001010000011
00100010101000001001010101010101000100101011
010100101010010101000001001010010000010101011
000000101000100101001000010000000010000100011
0010010001000100101000100100101001010001011
010101010101010000001000000101010000010100011
10010000101010100010100001000000001010101011
01000001010001001010100001001010000101001011
1000100010100100000101000100101010100101000011
0101001010010100001010100000010100010001011
010010010000101000010100100100000001010001011
10101000101001000001010100010101001010101011
010101000001001000101010010010001010010001011
10000010000000010001001000100100001010100011
1000101001010100101000100000000000100100000011
0101010010010010001001010000000001000001011
10100101000000101000000010000100001010000011
000001001000101000100001000100000000000101011
0010000000000000100010000100010001010010000011
1001010000010101001000101010001010001011
0000100010101010000100100010101001010001000011
10101010010100010000001000100001001010101011
00001010010010000001001001010001001000011
100000100001010000100101001010100000101011
010101010101001010000101010100001010000010011
1001010100010010101000010101001001000100000011
00001010010010001000010000001010100010000011
0100001000010001000001000101010001010011
01001010010100000100101000100001000011
00001010000101010101010101010001010000001011
1000010001010000100010010100101010010011
0100000010010000100001000000000000100100011
0001010001000000100101010101000100100101000011
0000100100100000101000101000100101010100000011
100010010100010100100010010000001001010101011
0100010001000010100101010010101001010010011
000000101000101000001010000000000001000000011
00001010101010100010100010010100000000100011
000010101010000000101000100010000000010001011
01001010001010101000001010101001000100101011
100000101001010001001001001010001001000010011
010101001001010010100010100010001000000000011
001010010000000000100100101000001010011
10000010100010101010010000100000010001010011
0101000001010100000101000001001010101010000011
1001010000001001010100000001000010101010000011
000010000010001000000100101000010000101010011
1010000100000101010001000000001001000001011
101010100100001001010100101000100010000001011
101010010000101000010100000001000100010100011
01000000001010000101000000000101001010000011
100010010101000100001000000101000100010010011
101000001000001001000001010010000001010011
10001010000000001010101001010101010001010011
1000100000010000101000001010010101001000000011
010000001010010100001010000101001000100101011
00001000101010101010100100000010100000000011
0001010000000010100001001001000100101000011
1010001010000000010000101010000100100100000011
10100000010100000100001010100010010010000011
101010010001010010000100100100101000010010011
1010000100001000001010100100000101001001000011
100100000000010000100000000100100001001000011
010010010001001000001000000010101000000010011
0001001000010100100101010001010010000000000011
00001010000001000010000010001001010001010011
0010000000100100010100100101000010001010000011
01000101010101010100001000000001010010100011
001000100000010001000001010100000010000101011
000000010001000010000001010010100000010010011
0010001000101010101010000001001000100010000011
